0.5689339721331457	-0.0007285686422980814	-0.0006302072224299024	-0.0014312260476819552
-0.24237306090459668	-0.21107467046366454	-0.24140618060674765	0.5021100041618201
-0.05684105737725463	-0.04843844388884711	-0.0723740219934022	0.4628896602687527
-0.22795218907806386	-0.1388990532889618	-0.10880916728091995	0.4579676249362123
0.5725330786713564	-0.2821826323546858	-0.17668692708219166	-0.4258337640390322
0.0	0.0	0.0	0.0
-0.5956529356932931	-0.6015772856143607	-0.06299042645191669	-0.5972155642224815
0.0	0.0	0.0	0.0
-0.31865302652158645	-0.13154694637633632	-0.2115946046272215	0.587083745405309
-0.22471013044304503	0.5843917908195022	-0.08758333282076726	-0.19001539
0.49705666673774146	-0.21953391410000006	-0.11630062891000001	-0.1
0.0	0.0	0.0	0.0
0.0	0.0	0.0	0.0
-0.155656032689	-0.139625079905339	0.6776994544669988	-0.13804797925281667
-3.61e-05	0.8836681452699771	-1e-05	-1.1000000000000001e-05
0.0	0.0	0.0	0.0
